[0.281710960]	1	0	0	0	0	1	0	0	0	
[0.330102133]	1	0	0	0	0	1	0	0	0	
[0.330177815]	1	0	0	0	0	1	0	0	0	
[0.330214757]	1	0	0	0	0	1	0	0	0	
[0.384678614]	2	0	0	0	0	1	1	0	0	
[0.384736155]	2	0	0	0	0	1	1	0	0	
[0.386476552]	2	0	0	0	0	1	1	0	0	
[0.450758583]	2	0	0	0	0	1	1	0	0	
[0.450825302]	2	0	0	0	0	1	1	0	0	
[0.450864038]	2	0	0	0	0	1	1	0	0	
[0.504324030]	2	0	0	0	0	0	1	1	0	
[0.504386562]	2	0	0	0	0	0	1	1	0	
[0.504419061]	2	0	0	0	0	0	1	1	0	
[0.570629892]	2	0	0	0	0	0	1	1	0	
[0.570694401]	2	0	0	0	0	0	0	1	1	
[0.570730030]	2	0	0	0	0	0	0	1	1	
[0.628356975]	2	0	0	0	0	0	0	1	1	
[0.628484309]	2	0	0	0	0	0	0	1	1	
[0.628510263]	3	0	0	0	0	0	1	1	1	
[0.692849400]	3	0	0	0	0	0	1	1	1	
[0.692920609]	2	0	0	0	0	0	1	1	0	
[0.692944429]	2	0	0	0	0	0	1	1	0	
[0.745199683]	2	0	0	0	0	0	1	1	0	
[0.747580635]	2	0	0	0	0	0	1	1	0	
[0.804585019]	1	0	0	0	0	1	0	0	0	
[0.808791678]	1	0	0	0	0	1	0	0	0	
[0.867871210]	1	0	0	0	0	1	0	0	0	
[0.867981617]	1	0	0	0	0	1	0	0	0	
[0.868026863]	1	0	0	0	0	1	0	0	0	
[0.925147444]	1	0	0	0	0	1	0	0	0	
[0.926759311]	1	0	0	0	0	1	0	0	0	
[0.926802394]	1	0	0	0	0	1	0	0	0	
[0.983433561]	2	0	0	0	0	1	1	0	0	
[0.983507022]	2	0	0	0	0	1	1	0	0	
[0.983534477]	2	0	0	0	0	1	1	0	0	
[1.041779963]	2	0	0	0	0	1	1	0	0	
[1.046798835]	3	0	0	0	0	1	1	1	0	
[1.046858403]	3	0	0	0	0	1	1	1	0	
[1.105435614]	3	0	0	0	0	1	1	1	0	
[1.105513849]	3	0	0	0	0	1	1	1	0	
[1.105541768]	3	0	0	0	0	1	1	1	0	
[1.163995489]	3	0	0	0	0	1	1	1	0	
[1.169306101]	3	0	0	0	0	1	1	1	0	
[1.169393216]	3	0	0	0	0	1	1	1	0	
[1.226838070]	3	0	0	0	0	1	1	1	0	
[1.226924763]	3	0	0	0	0	1	1	1	0	
[1.237678778]	2	0	0	0	0	1	1	0	0	
[1.286018867]	2	0	0	0	0	1	1	0	0	
[1.286084606]	1	0	0	0	0	1	0	0	0	
[1.286113229]	1	0	0	0	0	1	0	0	0	
[1.347533271]	1	0	0	0	0	1	0	0	0	
[1.347594265]	1	0	0	0	0	1	0	0	0	
[1.347632257]	1	0	0	0	0	1	0	0	0	
[1.407833141]	1	0	0	0	0	1	0	0	0	
[1.407896295]	1	0	0	0	0	1	0	0	0	
[1.407934659]	1	0	0	0	0	1	0	0	0	
[1.467192258]	2	0	0	0	0	1	1	0	0	
[1.469900241]	2	0	0	0	0	1	1	0	0	
[1.474098597]	2	0	0	0	0	0	1	0	1	
[1.520647201]	2	0	0	0	0	0	1	0	1	
[1.520727109]	3	0	0	0	0	0	1	1	1	
[1.520759980]	3	0	0	0	0	0	1	1	1	
[1.585783341]	3	0	0	0	0	0	1	1	1	
[1.585887066]	3	0	0	0	0	0	1	1	1	
[1.585917600]	3	0	0	0	0	0	1	1	1	
[1.648836507]	3	0	0	0	0	0	1	1	1	
[1.648916733]	2	0	0	0	0	0	1	1	0	
[1.648950022]	2	0	0	0	0	0	1	1	0	
[1.713078565]	1	0	0	0	0	0	1	0	0	
[1.713161753]	1	0	0	0	0	0	1	0	0	
[1.713195257]	1	0	0	0	0	1	0	0	0	
[1.766996432]	1	0	0	0	0	1	0	0	0	
[1.767075884]	1	0	0	0	0	1	0	0	0	
[1.767109364]	1	0	0	0	0	1	0	0	0	
[1.824699403]	1	0	0	0	0	1	0	0	0	
[1.824778558]	1	0	0	0	0	1	0	0	0	
[1.825543859]	2	0	0	0	0	1	1	0	0	
[1.883793755]	2	0	0	0	0	1	1	0	0	
[1.889828562]	2	0	0	0	0	1	1	0	0	
[1.889883352]	2	0	0	0	0	1	1	0	0	
[1.945558264]	3	0	0	0	0	1	1	1	0	
[1.945622979]	3	0	0	0	0	1	1	1	0	
[1.945644857]	3	0	0	0	0	0	1	1	1	
[2.000706745]	3	0	0	0	0	0	1	1	1	
[2.000774488]	3	0	0	0	0	0	1	1	1	
[2.000811445]	3	0	0	0	0	0	1	1	1	
[2.063212715]	3	0	0	0	0	0	1	1	1	
[2.063285428]	3	0	0	0	0	0	1	1	1	
[2.064259326]	3	0	0	0	0	0	1	1	1	
[2.123968205]	3	0	0	0	0	0	1	1	1	
[2.124039824]	1	0	0	0	0	0	1	0	0	
[2.124078851]	1	0	0	0	0	0	1	0	0	
[2.183672513]	1	0	0	0	0	0	1	0	0	
[2.183740007]	1	0	0	0	0	0	1	0	0	
[2.187993965]	1	0	0	0	0	1	0	0	0	
[2.243463518]	1	0	0	0	0	1	0	0	0	
[2.243538461]	1	0	0	0	0	1	0	0	0	
[2.243574240]	1	0	0	0	0	1	0	0	0	
[2.401142281]	1	0	0	0	0	1	0	0	0	
[2.401221983]	1	0	0	0	0	1	0	0	0	
[2.401248488]	2	0	0	0	0	1	1	0	0	
[2.403709556]	2	0	0	0	0	1	1	0	0	
[2.403768312]	3	0	0	0	0	1	1	1	0	
[2.403811729]	3	0	0	0	0	1	1	1	0	
[2.433287688]	3	0	0	0	0	0	1	1	1	
[2.433418465]	3	0	0	0	0	0	1	1	1	
[2.433461556]	3	0	0	0	0	0	1	1	1	
[2.482362680]	3	0	0	0	0	0	1	1	1	
[2.485424471]	3	0	0	0	0	0	1	1	1	
[2.485467163]	3	0	0	0	0	0	1	1	1	
[2.536271960]	2	0	0	0	0	0	1	1	0	
[2.539874762]	2	0	0	0	0	0	1	1	0	
[2.539917743]	1	0	0	0	0	0	1	0	0	
[2.597169629]	1	0	0	0	0	0	1	0	0	
