[0.815374792]	1	0	0	0	0	1	0	0	0	
[0.875437337]	1	0	0	0	0	1	0	0	0	
[0.875746045]	1	0	0	0	0	1	0	0	0	
[0.877447971]	1	0	0	0	0	1	0	0	0	
[0.934725319]	1	0	0	0	0	1	0	0	0	
[0.936621533]	1	0	0	0	0	1	0	0	0	
[0.937483337]	1	0	0	0	0	1	0	0	0	
[0.996499722]	1	0	0	0	0	1	0	0	0	
[0.998289120]	1	0	0	0	0	1	0	0	0	
[0.998334116]	1	0	0	0	0	1	0	0	0	
[1.052245460]	1	0	0	0	0	1	0	0	0	
[1.055811334]	1	0	0	0	0	1	0	0	0	
[1.056169715]	1	0	0	0	0	1	0	0	0	
[1.112234263]	1	0	0	0	0	1	0	0	0	
[1.112360398]	1	0	0	0	0	1	0	0	0	
[1.113237003]	1	0	0	0	0	1	0	0	0	
[1.176470294]	1	0	0	0	0	1	0	0	0	
[1.176538592]	1	0	0	0	0	1	0	0	0	
[1.176611291]	1	0	0	0	0	1	0	0	0	
[1.233291632]	1	0	0	0	0	1	0	0	0	
[1.233979970]	1	0	0	0	0	1	0	0	0	
[1.234636063]	1	0	0	0	0	1	0	0	0	
[1.292078824]	1	0	0	0	0	1	0	0	0	
[1.293796993]	1	0	0	0	0	1	0	0	0	
[1.293840083]	1	0	0	0	0	1	0	0	0	
[1.353845636]	1	0	0	0	0	1	0	0	0	
[1.353906189]	1	0	0	0	0	1	0	0	0	
[1.355597115]	1	0	0	0	0	1	0	0	0	
[1.410900211]	1	0	0	0	0	1	0	0	0	
[1.410964679]	1	0	0	0	0	1	0	0	0	
[1.412522088]	2	0	0	0	0	1	1	0	0	
[1.475293901]	2	0	0	0	0	1	1	0	0	
[1.475719199]	2	0	0	0	0	1	1	0	0	
[1.476704617]	2	0	0	0	0	1	1	0	0	
[1.531866159]	2	0	0	0	0	1	1	0	0	
[1.531957376]	2	0	0	0	0	1	1	0	0	
[1.531991406]	2	0	0	0	0	1	1	0	0	
[1.592201849]	2	0	0	0	0	1	1	0	0	
[1.592285972]	2	0	0	0	0	1	1	0	0	
[1.593142304]	2	0	0	0	0	1	1	0	0	
[1.654989072]	2	0	0	0	0	1	1	0	0	
[1.655051510]	2	0	0	0	0	1	1	0	0	
[1.656226988]	2	0	0	0	0	1	1	0	0	
[1.717279019]	2	0	0	0	0	1	1	0	0	
[1.717370136]	2	0	0	0	0	1	1	0	0	
[1.719143535]	2	0	0	0	0	1	1	0	0	
[1.774647049]	2	0	0	0	0	1	1	0	0	
[1.774728040]	2	0	0	0	0	1	1	0	0	
[1.775617856]	2	0	0	0	0	1	1	0	0	
[1.828233340]	2	0	0	0	0	1	1	0	0	
[1.828563110]	2	0	0	0	0	1	1	0	0	
[1.830326620]	2	0	0	0	0	1	1	0	0	
[1.895819360]	2	0	0	0	0	1	1	0	0	
[1.895900007]	2	0	0	0	0	1	1	0	0	
[1.895934948]	2	0	0	0	0	1	1	0	0	
[1.955223595]	2	0	0	0	0	1	1	0	0	
[1.955306014]	3	0	0	0	0	1	1	1	0	
[1.956094611]	3	0	0	0	0	1	1	1	0	
[2.009364472]	3	0	0	0	0	1	1	1	0	
[2.009443310]	3	0	0	0	0	1	1	1	0	
[2.011285036]	3	0	0	0	0	1	1	1	0	
[2.069370400]	3	0	0	0	0	1	1	1	0	
[2.069455028]	2	0	0	0	0	0	1	1	0	
[2.070503000]	2	0	0	0	0	0	1	1	0	
[2.131516967]	2	0	0	0	0	0	1	1	0	
[2.132134052]	2	0	0	0	0	0	1	1	0	
[2.132789579]	2	0	0	0	0	0	1	1	0	
[2.196718627]	2	0	0	0	0	0	1	1	0	
[2.196798362]	2	0	0	0	0	0	1	1	0	
[2.196835010]	2	0	0	0	0	0	1	1	0	
[2.252985633]	2	0	0	0	0	0	1	1	0	
[2.254486708]	2	0	0	0	0	0	1	1	0	
[2.254542555]	2	0	0	0	0	0	1	1	0	
[2.308048243]	2	0	0	0	0	0	1	1	0	
[2.308132256]	3	0	0	0	0	0	1	1	1	
[2.308168831]	3	0	0	0	0	0	1	1	1	
[2.381673702]	3	0	0	0	0	0	1	1	1	
[2.381757417]	3	0	0	0	0	0	1	1	1	
[2.383899300]	3	0	0	0	0	0	1	1	1	
[2.430575089]	3	0	0	0	0	0	1	1	1	
[2.431035758]	3	0	0	0	0	0	1	1	1	
[2.437320348]	3	0	0	0	0	0	1	1	1	
[2.493980994]	3	0	0	0	0	0	1	1	1	
[2.494374949]	3	0	0	0	0	0	1	1	1	
[2.495044647]	3	0	0	0	0	0	1	1	1	
[2.549567541]	3	0	0	0	0	0	1	1	1	
[2.551747892]	2	0	0	0	0	0	0	1	1	
[2.551822839]	2	0	0	0	0	0	0	1	1	
[2.607974017]	2	0	0	0	0	0	0	1	1	
[2.608426755]	2	0	0	0	0	0	0	1	1	
[2.610933236]	2	0	0	0	0	0	0	1	1	
[2.671375510]	2	0	0	0	0	0	0	1	1	
[2.673075519]	2	0	0	0	0	0	0	1	1	
[2.674789267]	2	0	0	0	0	0	0	1	1	
[2.729195106]	2	0	0	0	0	0	0	1	1	
[2.729846549]	2	0	0	0	0	0	0	1	1	
[2.849076857]	2	0	0	0	0	0	0	1	1	
[2.851887598]	2	0	0	0	0	0	0	1	1	
[2.851938581]	1	0	0	0	0	0	0	0	1	
[2.851979577]	1	0	0	0	0	0	0	0	1	
[2.852017268]	1	0	0	0	0	0	0	0	1	
[2.852054011]	1	0	0	0	0	0	0	0	1	
[2.852090427]	1	0	0	0	0	0	0	0	1	
[2.906460880]	1	0	0	0	0	0	0	0	1	
