[1.476330751]	1	1	0	0	0	0	0	0	0	
[1.538709346]	1	1	0	0	0	0	0	0	0	
[1.538779827]	1	1	0	0	0	0	0	0	0	
[1.540038772]	1	1	0	0	0	0	0	0	0	
[1.597031349]	1	1	0	0	0	0	0	0	0	
[1.598412499]	1	1	0	0	0	0	0	0	0	
[1.598483478]	1	1	0	0	0	0	0	0	0	
[1.651301470]	1	1	0	0	0	0	0	0	0	
[1.652819854]	1	1	0	0	0	0	0	0	0	
[1.652900662]	1	1	0	0	0	0	0	0	0	
[1.719164079]	1	1	0	0	0	0	0	0	0	
[1.719254747]	1	1	0	0	0	0	0	0	0	
[1.719288442]	1	1	0	0	0	0	0	0	0	
[1.776076802]	1	1	0	0	0	0	0	0	0	
[1.782596546]	1	1	0	0	0	0	0	0	0	
[1.782659020]	1	1	0	0	0	0	0	0	0	
[1.853755069]	1	1	0	0	0	0	0	0	0	
[1.853844546]	1	1	0	0	0	0	0	0	0	
[1.853875796]	1	1	0	0	0	0	0	0	0	
[1.894543731]	1	1	0	0	0	0	0	0	0	
[1.894622387]	1	1	0	0	0	0	0	0	0	
[1.896972299]	1	1	0	0	0	0	0	0	0	
[1.952587691]	1	1	0	0	0	0	0	0	0	
[1.954169643]	1	1	0	0	0	0	0	0	0	
[1.954231344]	1	1	0	0	0	0	0	0	0	
[2.020353227]	1	1	0	0	0	0	0	0	0	
[2.020921198]	1	1	0	0	0	0	0	0	0	
[2.020974655]	1	1	0	0	0	0	0	0	0	
[2.076568356]	1	1	0	0	0	0	0	0	0	
[2.076643202]	1	1	0	0	0	0	0	0	0	
[2.076666531]	1	1	0	0	0	0	0	0	0	
[2.134653030]	1	1	0	0	0	0	0	0	0	
[2.137510122]	1	1	0	0	0	0	0	0	0	
[2.137573234]	1	1	0	0	0	0	0	0	0	
[2.192919027]	2	1	0	0	1	0	0	0	0	
[2.192983945]	2	1	0	0	1	0	0	0	0	
[2.196757545]	2	1	0	0	1	0	0	0	0	
[2.253129684]	2	1	0	0	1	0	0	0	0	
[2.253195414]	2	1	0	0	1	0	0	0	0	
[2.254956572]	2	1	0	0	1	0	0	0	0	
[2.316625336]	2	1	0	0	1	0	0	0	0	
[2.320627633]	2	1	0	0	1	0	0	0	0	
[2.320680936]	2	1	0	0	1	0	0	0	0	
[2.373717582]	2	1	0	0	1	0	0	0	0	
[2.373785564]	2	1	0	0	1	0	0	0	0	
[2.378064566]	2	1	0	0	1	0	0	0	0	
[2.434115940]	2	1	0	0	1	0	0	0	0	
[2.434182284]	2	1	0	0	1	0	0	0	0	
[2.434203493]	2	1	0	0	1	0	0	0	0	
[2.493902672]	2	1	0	0	1	0	0	0	0	
[2.496872940]	2	1	0	0	1	0	0	0	0	
[2.496917700]	2	1	0	0	1	0	0	0	0	
[2.560320630]	2	1	0	0	1	0	0	0	0	
[2.560384952]	2	1	0	0	1	0	0	0	0	
[2.560413347]	1	0	0	0	1	0	0	0	0	
[2.619988222]	1	0	0	0	1	0	0	0	0	
[2.620050217]	1	0	0	0	1	0	0	0	0	
[2.633406037]	1	0	0	0	1	0	0	0	0	
[2.681383222]	1	0	0	0	1	0	0	0	0	
[2.681447283]	1	0	0	0	1	0	0	0	0	
[2.681473283]	1	0	0	0	1	0	0	0	0	
[2.734833523]	1	0	0	0	1	0	0	0	0	
[2.738693812]	1	0	0	0	1	0	0	0	0	
[2.738751408]	1	0	0	0	1	0	0	0	0	
[2.798321396]	1	0	0	0	1	0	0	0	0	
[2.798386153]	1	0	0	0	1	0	0	0	0	
[2.798420912]	1	0	0	0	1	0	0	0	0	
[2.867809977]	1	0	0	0	1	0	0	0	0	
[2.867878249]	1	0	0	0	1	0	0	0	0	
[2.870948102]	1	0	0	0	1	0	0	0	0	
[2.911197679]	1	0	0	0	1	0	0	0	0	
[2.913060006]	1	0	0	0	1	0	0	0	0	
[2.913133008]	1	0	0	0	1	0	0	0	0	
[2.970519797]	1	0	0	0	1	0	0	0	0	
[2.976131796]	1	0	0	0	1	0	0	0	0	
[2.976185998]	1	0	0	0	1	0	0	0	0	
[3.033304410]	1	0	0	0	1	0	0	0	0	
[3.035897250]	1	0	0	0	1	0	0	0	0	
[3.035945369]	1	0	0	0	1	0	0	0	0	
[3.098425975]	1	0	0	0	1	0	0	0	0	
[3.099921795]	1	0	0	0	1	0	0	0	0	
[3.099968219]	1	0	0	0	1	0	0	0	0	
[3.159954585]	1	0	0	0	1	0	0	0	0	
[3.177627195]	1	0	0	0	1	0	0	0	0	
[3.177699320]	1	0	0	0	1	0	0	0	0	
[3.218628356]	1	0	0	0	1	0	0	0	0	
[3.218706371]	1	0	0	0	1	0	0	0	0	
[3.218734973]	1	0	0	0	1	0	0	0	0	
[3.280673344]	1	0	0	0	1	0	0	0	0	
[3.280744890]	1	0	0	0	1	0	0	0	0	
[3.280773600]	1	0	0	0	1	0	0	0	0	
[3.341324153]	1	0	0	0	1	0	0	0	0	
[3.341406922]	1	0	0	0	1	0	0	0	0	
[3.341446248]	1	0	0	0	1	0	0	0	0
