[0.704867248]	1	0	1	0	0	0	0	0	0	
[0.767041392]	1	0	1	0	0	0	0	0	0	
[0.767129478]	1	0	1	0	0	0	0	0	0	
[0.777154696]	1	0	1	0	0	0	0	0	0	
[0.823205931]	1	0	1	0	0	0	0	0	0	
[0.824831019]	1	0	1	0	0	0	0	0	0	
[0.824905442]	1	0	1	0	0	0	0	0	0	
[0.875727656]	1	0	1	0	0	0	0	0	0	
[0.876915637]	2	0	1	1	0	0	0	0	0	
[0.878004196]	2	0	1	1	0	0	0	0	0	
[0.935458473]	1	0	0	1	0	0	0	0	0	
[0.937471189]	1	0	0	1	0	0	0	0	0	
[0.937510074]	1	0	0	1	0	0	0	0	0	
[0.997362652]	1	0	0	1	0	0	0	0	0	
[0.998316731]	1	0	0	1	0	0	0	0	0	
[0.998766513]	1	0	0	1	0	0	0	0	0	
[1.174086650]	1	0	1	0	0	0	0	0	0	
[1.174412065]	1	0	1	0	0	0	0	0	0	
[1.175840217]	1	0	1	0	0	0	0	0	0	
[1.238364898]	1	0	1	0	0	0	0	0	0	
[1.239138261]	1	0	1	0	0	0	0	0	0	
[1.239852536]	1	0	1	0	0	0	0	0	0	
[1.305511046]	1	0	1	0	0	0	0	0	0	
[1.305577302]	1	0	1	0	0	0	0	0	0	
[1.358649839]	1	0	0	1	0	0	0	0	0	
[1.360271841]	1	0	0	1	0	0	0	0	0	
[1.539913548]	1	0	1	0	0	0	0	0	0	
[1.595726235]	1	0	1	0	0	0	0	0	0	
[1.596068024]	2	0	1	1	0	0	0	0	0	
[1.597428041]	2	0	1	1	0	0	0	0	0	
[1.654395235]	2	0	1	1	0	0	0	0	0	
[1.655085599]	2	0	1	1	0	0	0	0	0	
[2.134082202]	1	0	0	1	0	0	0	0	0	
[2.136324464]	1	0	0	1	0	0	0	0	0	
[2.136397409]	1	0	0	1	0	0	0	0	0	
[2.192555735]	1	0	0	1	0	0	0	0	0	
[2.192645070]	2	0	1	1	0	0	0	0	0	
[2.193577160]	2	0	1	1	0	0	0	0	0	
[2.256588026]	2	0	1	1	0	0	0	0	0	
[2.257244460]	2	0	1	1	0	0	0	0	0	
[2.258175631]	2	0	1	1	0	0	0	0	0	
[2.315764789]	2	0	1	1	0	0	0	0	0	
[2.316205382]	2	0	1	1	0	0	0	0	0	
[2.317330431]	2	0	1	1	0	0	0	0	0	
[2.373060530]	2	0	1	1	0	0	0	0	0	
[2.373456192]	2	0	1	1	0	0	0	0	0	
[2.374557324]	2	0	1	1	0	0	0	0	0	
[2.431080296]	2	0	1	1	0	0	0	0	0	
[2.431155359]	2	0	1	1	0	0	0	0	0	
[2.432078163]	2	0	1	1	0	0	0	0	0	
[2.493636859]	2	0	1	1	0	0	0	0	0	
[2.494294302]	2	0	1	1	0	0	0	0	0	
[2.494338351]	2	0	1	1	0	0	0	0	0	
[2.555611208]	2	0	1	1	0	0	0	0	0	
[2.556576358]	2	0	1	1	0	0	0	0	0	
[2.557181803]	2	0	1	1	0	0	0	0	0	
[2.614989366]	2	0	1	1	0	0	0	0	0	
[2.616452770]	2	0	1	1	0	0	0	0	0	
[2.616486955]	2	0	1	1	0	0	0	0	0	
[2.668590480]	2	0	1	1	0	0	0	0	0	
[2.668989479]	2	0	1	1	0	0	0	0	0	
[2.671198749]	2	0	1	1	0	0	0	0	0	
