[0.338033405]	1	0	1	0	0	0	0	0	0	
[0.642478633]	1	0	1	0	0	0	0	0	0	
[0.695741761]	1	0	1	0	0	0	0	0	0	
[0.699843335]	1	0	1	0	0	0	0	0	0	
[0.699916952]	1	0	1	0	0	0	0	0	0	
[0.759348677]	1	0	1	0	0	0	0	0	0	
[0.759413017]	1	0	1	0	0	0	0	0	0	
[0.763644416]	1	0	1	0	0	0	0	0	0	
[0.816370378]	1	0	1	0	0	0	0	0	0	
[0.817398483]	1	0	1	0	0	0	0	0	0	
[0.817465462]	1	0	1	0	0	0	0	0	0	
[0.888383201]	1	0	1	0	0	0	0	0	0	
[0.888449633]	1	0	1	0	0	0	0	0	0	
[0.891317005]	2	0	1	1	0	0	0	0	0	
[0.946674336]	2	0	1	1	0	0	0	0	0	
[0.946773269]	2	0	1	1	0	0	0	0	0	
[0.946803200]	2	0	1	1	0	0	0	0	0	
[0.998216048]	2	0	1	1	0	0	0	0	0	
[0.998285914]	2	0	1	1	0	0	0	0	0	
[0.998321291]	2	0	1	1	0	0	0	0	0	
[1.058997743]	3	0	1	1	0	0	1	0	0	
[1.059075422]	2	0	0	1	0	0	1	0	0	
[1.059112685]	3	0	0	1	0	1	1	0	0	
[1.119284459]	3	0	0	1	0	1	1	0	0	
[1.119357892]	3	0	0	1	0	1	1	0	0	
[1.119392313]	3	0	0	1	0	1	1	0	0	
[1.182065972]	4	0	0	1	0	1	1	1	0	
[1.185351248]	4	0	0	1	0	1	1	1	0	
[1.185419749]	3	0	0	1	0	0	1	1	0	
[1.246203617]	3	0	0	1	0	0	1	1	0	
[1.246299757]	3	0	0	1	0	0	0	1	1	
[1.246333012]	3	0	0	1	0	0	0	1	1	
[1.294231539]	3	0	0	1	0	0	0	1	1	
[1.296417909]	3	0	0	1	0	0	0	1	1	
[1.296467113]	3	0	0	1	0	0	0	1	1	
[1.356566060]	4	0	1	1	0	0	0	1	1	
[1.359999181]	4	0	1	1	0	0	0	1	1	
[1.360041627]	4	0	1	1	0	0	0	1	1	
[1.420627564]	5	0	1	1	0	0	1	1	1	
[1.420687797]	5	0	1	1	0	0	1	1	1	
[1.420727677]	5	0	1	1	0	0	1	1	1	
[1.479973406]	4	0	1	0	0	0	1	1	1	
[1.482431135]	4	0	1	0	0	0	1	1	1	
[1.482473411]	4	0	1	0	0	0	1	1	1	
[1.537723344]	4	0	1	0	0	0	1	1	1	
[1.537781610]	4	0	1	0	0	0	1	1	1	
[1.538776273]	3	0	1	0	0	0	1	1	0	
[1.591932521]	4	0	1	1	0	0	1	1	0	
[1.592628807]	4	0	1	1	0	1	1	0	0	
[1.593257491]	4	0	1	1	0	1	1	0	0	
[1.661220789]	4	0	1	1	0	1	1	0	0	
[1.663346250]	4	0	1	1	0	1	1	0	0	
[1.663424693]	3	0	1	1	0	1	0	0	0	
[1.715756644]	3	0	1	1	0	1	0	0	0	
[1.716875261]	3	0	1	1	0	1	0	0	0	
[1.717526549]	3	0	1	1	0	1	0	0	0	
[1.778004258]	3	0	1	1	0	1	0	0	0	
[1.778064173]	3	0	1	1	0	1	0	0	0	
[1.778753663]	3	0	1	1	0	1	0	0	0	
[1.835324393]	3	0	1	1	0	1	0	0	0	
[1.836857308]	4	0	1	1	0	1	1	0	0	
[1.836898560]	4	0	1	1	0	1	1	0	0	
[1.894155938]	4	0	1	1	0	1	1	0	0	
[1.896206430]	4	0	1	1	0	1	1	0	0	
[1.896247700]	5	0	1	1	0	1	1	1	0	
[1.968167740]	5	0	1	1	0	1	1	1	0	
[1.968237490]	5	0	1	1	0	0	1	1	1	
[1.968264558]	5	0	1	1	0	0	1	1	1	
[2.015935520]	4	0	1	1	0	0	0	1	1	
[2.016013390]	4	0	1	1	0	0	0	1	1	
[2.016035122]	4	0	1	1	0	0	0	1	1	
[2.075062875]	4	0	1	1	0	0	0	1	1	
[2.075125505]	4	0	1	1	0	0	0	1	1	
[2.076508557]	4	0	1	1	0	0	0	1	1	
[2.135839986]	4	0	1	1	0	0	0	1	1	
[2.135899042]	4	0	1	1	0	0	0	1	1	
[2.135934726]	4	0	1	1	0	0	0	1	1	
[2.192950470]	4	0	1	1	0	0	0	1	1	
[2.193419482]	5	0	1	1	0	0	1	1	1	
[2.194068848]	5	0	1	1	0	0	1	1	1	
[2.257566365]	5	0	1	1	0	0	1	1	1	
[2.259879388]	5	0	1	1	0	0	1	1	1	
[2.259924176]	4	0	1	1	0	0	1	1	0	
[2.309660700]	4	0	1	1	0	0	1	1	0	
[2.311289070]	5	0	1	1	0	1	1	1	0	
[2.311663735]	5	0	1	1	0	1	1	1	0	
[2.378602960]	4	0	1	1	0	1	1	0	0	
[2.380191749]	4	0	1	1	0	1	1	0	0	
[2.380255316]	4	0	1	1	0	1	1	0	0	
[2.437687689]	4	0	1	1	0	1	1	0	0	
[2.437974305]	4	0	1	1	0	1	1	0	0	
[2.438018322]	4	0	1	1	0	1	1	0	0	
[2.490350603]	4	0	1	1	0	1	1	0	0	
[2.491682446]	4	0	1	1	0	1	1	0	0	
[2.491780768]	4	0	1	1	0	1	1	0	0	
[2.552398096]	4	0	1	1	0	1	1	0	0	
[2.553529386]	4	0	1	1	0	1	1	0	0	
[2.554824262]	4	0	1	1	0	1	1	0	0	
[2.611217971]	5	0	1	1	0	1	1	1	0	
[2.611297833]	5	0	1	1	0	1	1	1	0	
[2.612207321]	5	0	1	1	0	1	1	1	0	
[2.682522444]	5	0	1	1	0	1	1	1	0	
[2.682602790]	6	0	1	1	0	1	1	1	1	
[2.682639509]	6	0	1	1	0	1	1	1	1	
[2.736311835]	4	0	1	1	0	0	0	1	1	
[2.736378910]	3	0	0	1	0	0	0	1	1	
[2.736423795]	3	0	0	1	0	0	0	1	1	
[2.791032661]	3	0	0	1	0	0	0	1	1	
[2.791111252]	2	0	0	1	0	0	0	0	1	
[2.791284304]	2	0	0	1	0	0	0	0	1	
[2.848934000]	2	0	0	1	0	0	0	0	1	
[2.850089890]	1	0	0	0	0	0	0	0	1	
[2.850978766]	1	0	0	0	0	0	0	0	1	
[2.911180784]	1	0	0	0	0	0	0	0	1	
